877
675
339
848
129
829
700
215
654
865
588
339
320
750
166
56
320
20
184
322
907
664
964
987
863
171
830
245
960
961
328
773
0
221
968
54
236
648
943
972
817
498
290
875
850
308
309
53
53
433
726
914
58
636
422
793
244
89
822
942
879
550
933
677
194
571
356
444
394
927
173
48
588
456
186
906
443
46
964
135
104
369
794
307
467
825
781
549
776
38
919
357
242
967
949
527
771
152
249
567
493
859
29
544
779
139
459
816
496
937
290
32
245
24
941
675
492
759
781
185
851
915
272
414
543
85
615
415
188
884
97
703
399
607
382
788
965
833
176
240
181
681
521
395
3
568
550
934
957
65
474
632
317
978
932
115
700
501
708
461
192
634
611
636
842
311
650
414
536
770
388
737
490
71
897
68
493
673
521
634
685
987
373
187
596
901
520
391
796
569
514
262
868
634
173
292
326
457
540
784
943
597
800
410
931
94
582
132
955
439
790
226
336
87
384
866
709
433
230
374
426
745
237
326
245
853
69
941
994
96
915
282
684
861
295
893
689
274
619
185
197
132
450
510
531
529
10
915
505
558
938
175
776
940
53
510
347
168
599
530
887
841
934
896
287
325
897
181
969
651
750
703
690
348
110
684
283
149
990
873
811
916
941
920
837
950
806
298
35
511
47
783
151
999
699
581
11
853
796
135
898
203
645
67
694
721
576
713
796
244
16
213
7
746
866
938
14
511
503
980
293
299
291
218
198
76
412
947
771
416
797
184
486
184
4
633
53
856
419
615
831
594
490
904
921
35
484
379
906
299
244
258
300
122
782
195
120
109
798
277
974
534
229
619
4
938
395
195
262
600
657
719
68
867
275
921
190
781
572
521
391
70
82
858
21
258
981
207
428
942
931
29
701
81
728
535
453
70
701
415
779
692
125
399
264
741
865
436
78
570
535
420
668
110
669
144
745
856
699
650
303
602
241
652
566
872
163
813
518
340
10
774
472
393
814
178
274
972
307
146
72
991
223
129
191
13
691
945
211
713
60
393
994
525
750
513
662
125
270
156
667
290
297
199
805
836
957
567
461
484
350
284
498
123
426
356
994
630
784
220
785
162
238
807
367
49
947
675
533
548
51
76
601
482
930
739
414
919
219
661
781
462
589
986
310
483
708
178
278
252
930
202
64
773
208
806
512
971
800
233
152
450
783
604
434
543
869
189
108
601
495
787
372
644
984
273
688
829
960
942
500
47
686
742
609
976
312
989
670
40
403
780
50
29
133
497
398
502
492
871
296
735
266
962
607
384
829
381
98
140
740
700
557
780
824
511
53
89
355
975
862
809
762
43
715
596
235
437
642
984
237
127
950
555
857
961
405
377
463
416
240
809
64
62
965
563
76
800
214
111
944
254
745
62
696
37
211
999
918
638
936
234
705
863
523
960
407
960
364
20
980
897
723
432
632
954
715
409
558
841
528
987
67
420
878
358
526
216
317
404
16
336
180
227
309
606
890
860
568
811
92
339
337
760
452
130
490
820
15
685
319
454
921
679
159
994
517
519
790
906
105
799
331
564
711
594
529
288
699
30
334
681
56
517
190
784
76
547
880
63
946
911
12
535
234
464
204
99
902
979
179
229
493
451
87
426
120
502
25
356
255
167
730
30
428
695
242
98
195
242
518
274
629
853
76
123
256
410
336
722
198
207
880
793
206
668
216
379
683
899
385
561
601
733
240
792
211
895
252
196
413
401
524
810
586
670
236
809
643
909
437
578
334
532
992
652
145
320
79
204
251
747
800
426
775
895
29
803
309
182
326
862
434
445
281
355
372
281
293
9
676
971
835
364
460
436
414
856
496
995
248
347
698
865
938
894
372
829
347
629
364
568
379
266
783
114
331
370
499
706
37
877
936
340
422
145
951
334
475
687
487
47
29
36
912
190
285
424
840
783
155
692
741
887
891
479
207
316
117
327
924
88
721
171
485
222
257
654
201
842
833
229
289
24
702
675
275
948
833
445
760
779
849
940
498
967
273
441
705
64
808
807
911
483
779
611
147
449
881
190
809
620
862
995
455
423
884
510
662
302
126
854
73
456
479
978
791
757
104
867
595
869
603
965
382
741
862
968
903
979
961
495
68
105
60
788
597
900
854
116
52
3
805
59
929
417
739
633
78
233
95
675
89
870
116
24
482
110
883
628
265
130
491
868
555
200
697
289
574
357
82
262
730
591
592
873
69
697
900
897
480
707
499
365
946
195
502
763
463
850
641
823
636
656
530
539
896
398
913
520
